서진시스템|23.21|18,000,000|365,000,000,000
슈프리마|23.0|7,154,392|164,000,000,000
DB하이텍|17.56|43,332,624|790,200,000,000
메가스터디교육|22.77|11,813,000|310,700,000,000
삼성전자|12.97|5,969,782,550|265,966,000,000,000
유비쿼스|13.43|5,121,751|88,200,000,000
케이엠더블유|38.91|39,820,883|376,700,000,000
테스나|17.50|6,761,295|163,300,000,000
하나머티리얼즈|23.90|19,410,000|178,400,000,000
솔브레인|15.36|16,872,018|972,000,000,000
#케이아이엔엑스|20.84|4,580,000|97,000,000,000
인선이엔티|13.19|38,391,282|234,600,000,000
#호텔신라|20.48|37,113,121|1,098,900,000,000
삼진제약|18.08|12,302,822|242,000,000,000
엘지이노텍|13.38|23,664,507|2,540,800,000,000
#삼천당제약|11.12 |21,400,000|176,000,000,000
#RFHIC|24.12|23,822,620|223,400,000,000
#KH바텍|26.89|23,346,790|235,000,000,000